value of n: 312
value of nnz: 1874
a(1,1) = 0.0003884829821
a(1,2) = 6.742966678e-06
a(1,3) = -0.0002687712148
a(1,162) = -7.370146993e-05
a(1,164) = -4.554048266e-05
a(2,1) = 6.742966678e-06
a(2,2) = 0.0004911611757
a(2,3) = -0.0001530905543
a(2,4) = -0.0001219325487
a(2,78) = -8.020369514e-05
a(2,80) = -2.834118724e-05
a(2,84) = -0.0001054152601
a(3,1) = -0.0002687712148
a(3,2) = -0.0001530905543
a(3,3) = 0.0008214943114
a(3,4) = -1.316463763e-05
a(3,5) = -0.0002491404737
a(3,162) = -8.636764698e-05
a(3,165) = -3.832619769e-05
a(4,2) = -0.0001219325487
a(4,3) = -1.316463763e-05
a(4,4) = 0.0004315846465
a(4,5) = -0.0001362263002
a(4,84) = -0.0001560022189
a(5,3) = -0.0002491404737
a(5,4) = -0.0001362263002
a(5,5) = 0.0004396460921
a(5,165) = -5.070043927e-05
a(6,6) = 0.0004757655358
a(6,7) = -1.330376989e-05
a(6,8) = -0.000171390487
a(6,9) = -0.0001336854863
a(6,144) = -0.000148477296
a(7,6) = -1.330376989e-05
a(7,7) = 0.0008303737331
a(7,8) = -0.0001269999677
a(7,9) = -0.0002624308381
a(7,10) = -1.865525556e-05
a(7,11) = -0.0001243339948
a(7,205) = -0.0002629213824
a(8,6) = -0.000171390487
a(8,7) = -0.0001269999677
a(8,8) = 0.00055219585
a(8,205) = -7.696565944e-06
a(8,207) = -0.000235527383
a(9,6) = -0.0001336854863
a(9,7) = -0.0002624308381
a(9,9) = 0.0007799363559
a(9,10) = -0.0001793828557
a(9,142) = -6.069100568e-05
a(9,143) = -6.472123258e-05
a(9,144) = -5.625112087e-05
a(10,7) = -1.865525556e-05
a(10,9) = -0.0001793828557
a(10,10) = 0.0007687999995
a(10,11) = -0.0002003873378
a(10,12) = -0.000181710719
a(10,140) = -0.0001104121955
a(10,142) = -5.327169661e-05
a(11,7) = -0.0001243339948
a(11,10) = -0.0002003873378
a(11,11) = 0.000775978309
a(11,12) = -4.311165489e-05
a(11,13) = -0.0001257206331
a(11,198) = -2.138305468e-05
a(11,201) = -0.0002290652882
a(11,205) = -3.280306873e-06
a(12,10) = -0.000181710719
a(12,11) = -4.311165489e-05
a(12,12) = 0.0004230491245
a(12,13) = -7.428973449e-05
a(12,140) = -3.21233674e-05
a(12,141) = -7.340881813e-05
a(13,11) = -0.0001257206331
a(13,12) = -7.428973449e-05
a(13,13) = 0.000551327716
a(13,131) = -0.000151174394
a(13,198) = -0.000188755719
a(14,14) = 0.0007607745513
a(14,15) = -3.388964357e-06
a(14,16) = -0.0001597619452
a(14,17) = -0.0001748875448
a(14,18) = -5.784196147e-05
a(14,19) = -0.0001204665348
a(14,261) = -0.0001904997714
a(14,266) = -3.283600188e-05
a(15,14) = -3.388964357e-06
a(15,15) = 0.00039966202
a(15,16) = -0.0001296079708
a(15,17) = -0.0001657891375
a(15,26) = -9.387003966e-05
a(16,14) = -0.0001597619452
a(16,15) = -0.0001296079708
a(16,16) = 0.0004932866947
a(16,266) = -0.000199135214
a(17,14) = -0.0001748875448
a(17,15) = -0.0001657891375
a(17,17) = 0.0007561335469
a(17,18) = -0.0001158044392
a(17,25) = -0.0001657121943
a(17,26) = -0.0001206739627
a(18,14) = -5.784196147e-05
a(18,17) = -0.0001158044392
a(18,18) = 0.0008380672186
a(18,19) = -0.0002765908247
a(18,20) = -1.516323762e-05
a(18,23) = -2.361097663e-05
a(18,24) = -0.0002775831642
a(18,25) = -4.999554003e-05
a(19,14) = -0.0001204665348
a(19,18) = -0.0002765908247
a(19,19) = 0.0008204472926
a(19,20) = -0.000225077554
a(19,260) = -5.194684882e-05
a(19,261) = -0.0001273391176
a(20,18) = -1.516323762e-05
a(20,19) = -0.000225077554
a(20,20) = 0.0007790674683
a(20,21) = -3.853743135e-05
a(20,22) = -0.0001310589608
a(20,23) = -0.0001441102171
a(20,260) = -1.989814922e-05
a(20,265) = -0.0001797002102
a(21,20) = -3.853743135e-05
a(21,21) = 0.0004441405517
a(21,22) = -9.651308092e-05
a(21,23) = -0.0002372722728
a(21,28) = -6.391111728e-05
a(22,20) = -0.0001310589608
a(22,21) = -9.651308092e-05
a(22,22) = 0.0003764358998
a(22,265) = -5.826347397e-05
a(22,275) = -8.160704016e-05
a(23,18) = -2.361097663e-05
a(23,20) = -0.0001441102171
a(23,21) = -0.0002372722728
a(23,23) = 0.0007786919324
a(23,24) = -0.0001555622602
a(23,28) = -4.243613024e-05
a(23,286) = -2.989177297e-06
a(23,287) = -0.0001531582468
a(24,18) = -0.0002775831642
a(24,23) = -0.0001555622602
a(24,24) = 0.0008815657476
a(24,25) = -0.0001132579691
a(24,286) = -0.0003254467158
a(25,17) = -0.0001657121943
a(25,18) = -4.999554003e-05
a(25,24) = -0.0001132579691
a(25,25) = 0.0007045406882
a(25,26) = -2.601935877e-05
a(25,27) = -9.643264861e-05
a(25,37) = -0.0001185309255
a(25,38) = -8.497650185e-05
a(25,286) = -2.807481933e-05
a(26,15) = -9.387003966e-05
a(26,17) = -0.0001206739627
a(26,25) = -2.601935877e-05
a(26,26) = 0.0004024970071
a(26,27) = -0.0001552139977
a(27,25) = -9.643264861e-05
a(27,26) = -0.0001552139977
a(27,27) = 0.000417973419
a(27,37) = -4.633540069e-05
a(27,288) = -0.000113662497
a(28,21) = -6.391111728e-05
a(28,23) = -4.243613024e-05
a(28,28) = 0.0003916040277
a(28,40) = -1.863699978e-05
a(28,41) = -6.37975028e-05
a(28,287) = -0.0001941472053
a(29,29) = 0.0007918554201
a(29,30) = -7.254339681e-05
a(29,31) = -0.0001574806678
a(29,32) = -0.000101200368
a(29,43) = -4.052684699e-05
a(29,44) = -2.22597455e-05
a(29,45) = -0.000298966437
a(29,46) = -7.830399673e-05
a(30,29) = -7.254339681e-05
a(30,30) = 0.000732184495
a(30,31) = -0.0001377862857
a(30,34) = -0.0001747323667
a(30,35) = -1.219270177e-05
a(30,38) = -0.0001404011443
a(30,39) = -2.393325841e-05
a(30,46) = -0.0001517928619
a(31,29) = -0.0001574806678
a(31,30) = -0.0001377862857
a(31,31) = 0.0007552759127
a(31,32) = -0.000122339716
a(31,39) = -0.0002170321856
a(31,40) = -0.0001086258491
a(32,29) = -0.000101200368
a(32,31) = -0.000122339716
a(32,32) = 0.0007559349681
a(32,40) = -0.0001068993643
a(32,41) = -5.751946616e-05
a(32,42) = -0.000233559575
a(32,43) = -0.0001193443122
a(33,33) = 0.0003939339389
a(33,34) = -5.759905789e-05
a(33,35) = -0.000200521239
a(33,36) = -6.121322327e-05
a(33,50) = -7.02864354e-05
a(34,30) = -0.0001747323667
a(34,33) = -5.759905789e-05
a(34,34) = 0.0007753080611
a(34,35) = -0.0002204153683
a(34,36) = -0.0001792720494
a(34,37) = -0.0001001146347
a(34,38) = -3.072290348e-05
a(35,30) = -1.219270177e-05
a(35,33) = -0.000200521239
a(35,34) = -0.0002204153683
a(35,35) = 0.0008075065639
a(35,46) = -0.0001774377107
a(35,49) = -5.227331104e-05
a(35,50) = -0.0001296291939
a(36,33) = -6.121322327e-05
a(36,34) = -0.0001792720494
a(36,36) = 0.0003850389909
a(36,37) = -6.49742701e-05
a(36,288) = -7.464511507e-05
a(37,25) = -0.0001185309255
a(37,27) = -4.633540069e-05
a(37,34) = -0.0001001146347
a(37,36) = -6.49742701e-05
a(37,37) = 0.0007759296707
a(37,38) = -0.0001969914001
a(37,288) = -0.0002362166206
a(38,25) = -8.497650185e-05
a(38,30) = -0.0001404011443
a(38,34) = -3.072290348e-05
a(38,37) = -0.0001969914001
a(38,38) = 0.0007511305516
a(38,39) = -0.000150678617
a(38,286) = -0.0001315443741
a(39,30) = -2.393325841e-05
a(39,31) = -0.0002170321856
a(39,38) = -0.000150678617
a(39,39) = 0.0007709114512
a(39,40) = -0.0001102935987
a(39,286) = -0.0002035549202
a(39,287) = -5.316391236e-05
a(40,28) = -1.863699978e-05
a(40,31) = -0.0001086258491
a(40,32) = -0.0001068993643
a(40,39) = -0.0001102935987
a(40,40) = 0.0007518153662
a(40,41) = -0.0001689053206
a(40,287) = -0.00022569983
a(41,28) = -6.37975028e-05
a(41,32) = -5.751946616e-05
a(41,40) = -0.0001689053206
a(41,41) = 0.0003516621692
a(41,42) = -5.456890862e-05
a(42,32) = -0.000233559575
a(42,41) = -5.456890862e-05
a(42,42) = 0.0003499193564
a(42,43) = -5.800285178e-05
a(43,29) = -4.052684699e-05
a(43,32) = -0.0001193443122
a(43,42) = -5.800285178e-05
a(43,43) = 0.0003404055057
a(43,44) = -0.000113040925
a(44,29) = -2.22597455e-05
a(44,43) = -0.000113040925
a(44,44) = 0.0003936911496
a(44,45) = -0.000165411938
a(44,47) = -8.388901116e-05
a(45,29) = -0.000298966437
a(45,44) = -0.000165411938
a(45,45) = 0.0008039538435
a(45,46) = -0.0001323439393
a(45,47) = -7.017641561e-05
a(45,48) = -0.0001226583616
a(46,29) = -7.830399673e-05
a(46,30) = -0.0001517928619
a(46,35) = -0.0001774377107
a(46,45) = -0.0001323439393
a(46,46) = 0.0007292420305
a(46,48) = -8.441243761e-05
a(46,49) = -8.498657922e-05
a(47,44) = -8.388901116e-05
a(47,45) = -7.017641561e-05
a(47,47) = 0.000447607499
a(47,48) = -0.0001370434111
a(47,54) = -1.691180022e-06
a(47,55) = -0.0001422315484
a(48,45) = -0.0001226583616
a(48,46) = -8.441243761e-05
a(48,47) = -0.0001370434111
a(48,48) = 0.0008057379801
a(48,49) = -0.0001275453653
a(48,54) = -0.000317545688
a(49,35) = -5.227331104e-05
a(49,46) = -8.498657922e-05
a(49,48) = -0.0001275453653
a(49,49) = 0.0007927666222
a(49,50) = -8.507844266e-05
a(49,51) = -5.693952476e-05
a(49,52) = -0.0003246123162
a(49,54) = -4.021083728e-05
a(50,33) = -7.02864354e-05
a(50,35) = -0.0001296291939
a(50,49) = -8.507844266e-05
a(50,50) = 0.0004405044869
a(50,51) = -0.0001484801439
a(51,49) = -5.693952476e-05
a(51,50) = -0.0001484801439
a(51,51) = 0.0004915298602
a(51,52) = -0.0001007409659
a(51,53) = -0.000178636051
a(52,49) = -0.0003246123162
a(52,51) = -0.0001007409659
a(52,52) = 0.0008472998626
a(52,53) = -4.778021351e-05
a(52,54) = -5.961927416e-05
a(52,56) = -0.0002471865189
a(52,65) = -4.967921156e-05
a(53,51) = -0.000178636051
a(53,52) = -4.778021351e-05
a(53,53) = 0.0005037024869
a(53,65) = -0.0001139821581
a(53,66) = -0.0001543225973
a(54,47) = -1.691180022e-06
a(54,48) = -0.000317545688
a(54,49) = -4.021083728e-05
a(54,52) = -5.961927416e-05
a(54,54) = 0.0008140427594
a(54,55) = -0.0001304319146
a(54,56) = -6.595967219e-05
a(54,57) = -0.0001756423735
a(55,47) = -0.0001422315484
a(55,54) = -0.0001304319146
a(55,55) = 0.0004923199964
a(55,57) = -4.214654079e-05
a(55,58) = -0.0001646436296
a(56,52) = -0.0002471865189
a(56,54) = -6.595967219e-05
a(56,56) = 0.000780293891
a(56,57) = -0.0001323846309
a(56,64) = -0.0001960000738
a(56,65) = -0.0001220643866
a(57,54) = -0.0001756423735
a(57,55) = -4.214654079e-05
a(57,56) = -0.0001323846309
a(57,57) = 0.0007491567731
a(57,58) = -7.220670559e-06
a(57,59) = -0.0001887737162
a(57,63) = -0.0001038140492
a(57,64) = -6.912169296e-05
a(58,55) = -0.0001646436296
a(58,57) = -7.220670559e-06
a(58,58) = 0.0003778573547
a(58,59) = -0.0001135776243
a(58,60) = -8.00034502e-05
a(59,57) = -0.0001887737162
a(59,58) = -0.0001135776243
a(59,59) = 0.0007507959806
a(59,60) = -0.0001486295371
a(59,61) = -0.0001331402014
a(59,62) = -5.812005508e-05
a(59,63) = -8.763723513e-05
a(60,58) = -8.00034502e-05
a(60,59) = -0.0001486295371
a(60,60) = 0.0002968519253
a(60,61) = -6.284910595e-05
a(61,59) = -0.0001331402014
a(61,60) = -6.284910595e-05
a(61,61) = 0.0002984712963
a(61,62) = -9.72623583e-05
a(62,59) = -5.812005508e-05
a(62,61) = -9.72623583e-05
a(62,62) = 0.0004183101448
a(62,63) = -0.0001385559214
a(62,67) = -0.00011521236
a(63,57) = -0.0001038140492
a(63,59) = -8.763723513e-05
a(63,62) = -0.0001385559214
a(63,63) = 0.0007377598621
a(63,64) = -0.0001790948376
a(63,67) = -9.604080095e-05
a(63,291) = -0.0001082923998
a(64,56) = -0.0001960000738
a(64,57) = -6.912169296e-05
a(64,63) = -0.0001790948376
a(64,64) = 0.0007587117877
a(64,65) = -9.707635183e-05
a(64,289) = -4.558597728e-05
a(64,290) = -0.0001442927794
a(64,291) = 2.393442161e-06
a(65,52) = -4.967921156e-05
a(65,53) = -0.0001139821581
a(65,56) = -0.0001220643866
a(65,64) = -9.707635183e-05
a(65,65) = 0.0007744947983
a(65,66) = -0.000101021116
a(65,289) = -0.0002707829843
a(66,53) = -0.0001543225973
a(66,65) = -0.000101021116
a(66,66) = 0.0004922169701
a(66,74) = -5.483077841e-07
a(66,77) = -0.0002024248587
a(66,289) = -2.107201164e-05
a(67,62) = -0.00011521236
a(67,63) = -9.604080095e-05
a(67,67) = 0.0004442960568
a(67,83) = -0.0001135358408
a(67,291) = -0.0001108411709
a(68,68) = 0.0004007588679
a(68,69) = -3.516340535e-05
a(68,70) = -6.96149144e-05
a(68,71) = -0.0001884412069
a(68,153) = -9.453338724e-05
a(69,68) = -3.516340535e-05
a(69,69) = 0.0007711167702
a(69,70) = -0.0001352688628
a(69,71) = -0.0001774388775
a(69,72) = -0.0001701794326
a(69,79) = -0.000139252044
a(69,290) = -7.496041564e-05
a(69,291) = -3.331689269e-06
a(70,68) = -6.96149144e-05
a(70,69) = -0.0001352688628
a(70,70) = 0.0004139540582
a(70,78) = 1.103149214e-05
a(70,79) = -0.0002094870498
a(71,68) = -0.0001884412069
a(71,69) = -0.0001774388775
a(71,71) = 0.0007724448328
a(71,72) = -2.482069168e-05
a(71,73) = -0.0001741554493
a(71,153) = -1.966899009e-05
a(71,155) = -0.0001625519243
a(72,69) = -0.0001701794326
a(72,71) = -2.482069168e-05
a(72,72) = 0.0007641976575
a(72,73) = -0.0002218642542
a(72,74) = -0.0001209034756
a(72,289) = -5.756174601e-05
a(72,290) = -0.0001443615647
a(73,71) = -0.0001741554493
a(73,72) = -0.0002218642542
a(73,73) = 0.0007739391406
a(73,74) = -1.093255021e-05
a(73,75) = -0.0001678309432
a(73,155) = -4.602955271e-05
a(73,157) = -0.0001287679383
a(74,66) = -5.483077841e-07
a(74,72) = -0.0001209034756
a(74,73) = -1.093255021e-05
a(74,74) = 0.0008318558674
a(74,75) = -0.0002555028494
a(74,76) = -2.986714848e-05
a(74,77) = -0.0001214055598
a(74,289) = -0.0002704945891
a(75,73) = -0.0001678309432
a(75,74) = -0.0002555028494
a(75,75) = 0.0008027164499
a(75,76) = -0.0001211891969
a(75,157) = -7.018753408e-05
a(75,159) = -2.183331989e-06
a(75,160) = -0.0001663554294
a(76,74) = -2.986714848e-05
a(76,75) = -0.0001211891969
a(76,76) = 0.0004124124799
a(76,77) = -0.0001470190673
a(76,160) = -0.0001070976982
a(77,66) = -0.0002024248587
a(77,74) = -0.0001214055598
a(77,76) = -0.0001470190673
a(77,77) = 0.0004762042888
a(78,2) = -8.020369514e-05
a(78,70) = 1.103149214e-05
a(78,78) = 0.000501077912
a(78,79) = -0.0002190449826
a(78,80) = -0.000206601699
a(79,69) = -0.000139252044
a(79,70) = -0.0002094870498
a(79,78) = -0.0002190449826
a(79,79) = 0.0008662452938
a(79,80) = -9.414699983e-06
a(79,81) = -0.0002540894437
a(79,291) = -1.497043635e-05
a(80,2) = -2.834118724e-05
a(80,78) = -0.000206601699
a(80,79) = -9.414699983e-06
a(80,80) = 0.000798123274
a(80,81) = -0.0001701337103
a(80,82) = -0.0002416254506
a(80,84) = -0.0001310286651
a(81,79) = -0.0002540894437
a(81,80) = -0.0001701337103
a(81,81) = 0.00083294441
a(81,82) = -8.474095797e-05
a(81,83) = -0.0001153851642
a(81,291) = -0.0001976725629
a(82,80) = -0.0002416254506
a(82,81) = -8.474095797e-05
a(82,82) = 0.0004185527963
a(82,83) = -6.956354271e-05
a(82,84) = -1.780971801e-05
a(83,67) = -0.0001135358408
a(83,81) = -0.0001153851642
a(83,82) = -6.956354271e-05
a(83,83) = 0.000407841114
a(83,291) = -0.0001023178763
a(84,2) = -0.0001054152601
a(84,4) = -0.0001560022189
a(84,80) = -0.0001310286651
a(84,82) = -1.780971801e-05
a(84,84) = 0.0004149269282
a(85,85) = 0.0004454237685
a(85,86) = -8.927790679e-05
a(85,87) = -3.775444605e-05
a(85,88) = -0.0001126109025
a(85,122) = -6.923026555e-05
a(85,124) = -0.0001169960102
a(86,85) = -8.927790679e-05
a(86,86) = 0.0004326833664
a(86,87) = -0.0001398372566
a(86,122) = -2.372711951e-05
a(86,123) = -0.0001646167125
a(87,85) = -3.775444605e-05
a(87,86) = -0.0001398372566
a(87,87) = 0.0003877462865
a(87,88) = -0.0001303758061
a(87,127) = -6.985651244e-05
a(88,85) = -0.0001126109025
a(88,87) = -0.0001303758061
a(88,88) = 0.0004663167322
a(88,127) = -0.0001697545451
a(88,128) = -4.44583218e-05
a(89,89) = 0.0007860947647
a(89,90) = -6.168209209e-06
a(89,91) = -0.0001480474714
a(89,92) = -0.0002517942998
a(89,93) = -0.0001757980937
a(89,95) = -0.0001123275836
a(89,97) = -6.842338125e-05
a(90,89) = -6.168209209e-06
a(90,90) = 0.0003656900812
a(90,91) = -0.0001214433813
a(90,92) = -0.0001581727352
a(90,186) = -6.842783149e-05
a(91,89) = -0.0001480474714
a(91,90) = -0.0001214433813
a(91,91) = 0.0003889252537
a(91,97) = -0.000112848377
a(92,89) = -0.0002517942998
a(92,90) = -0.0001581727352
a(92,92) = 0.0007895122849
a(92,93) = -1.984792099e-05
a(92,94) = -0.0001292966737
a(92,185) = -0.0001805144722
a(92,186) = -2.700658135e-05
a(93,89) = -0.0001757980937
a(93,92) = -1.984792099e-05
a(93,93) = 0.0004792406391
a(93,94) = -0.0001303598119
a(93,95) = -1.011548846e-05
a(93,96) = -0.0001277734354
a(94,92) = -0.0001292966737
a(94,93) = -0.0001303598119
a(94,94) = 0.0004405084331
a(94,183) = -9.765406088e-05
a(94,185) = -7.107557162e-05
a(95,89) = -0.0001123275836
a(95,93) = -1.011548846e-05
a(95,95) = 0.0007740597242
a(95,96) = -0.0001642642726
a(95,97) = -7.713914419e-05
a(95,98) = -0.0001411602287
a(95,99) = -0.0002428989067
a(96,93) = -0.0001277734354
a(96,95) = -0.0001642642726
a(96,96) = 0.0004410824666
a(96,99) = -3.119424243e-05
a(96,101) = -0.0001048834839
a(97,89) = -6.842338125e-05
a(97,91) = -0.000112848377
a(97,95) = -7.713914419e-05
a(97,97) = 0.0003844696069
a(97,98) = -0.0001136683358
a(98,95) = -0.0001411602287
a(98,97) = -0.0001136683358
a(98,98) = 0.000413537308
a(98,99) = -6.106066354e-06
a(98,100) = -0.0001406193555
a(99,95) = -0.0002428989067
a(99,96) = -3.119424243e-05
a(99,98) = -6.106066354e-06
a(99,99) = 0.0007638839998
a(99,100) = -0.0001275564112
a(99,101) = -0.0001216963961
a(99,102) = -0.000123202091
a(99,104) = -1.002120668e-05
a(99,105) = -6.051053782e-05
a(100,98) = -0.0001406193555
a(100,99) = -0.0001275564112
a(100,100) = 0.0004387760583
a(100,104) = -0.0001618402249
a(101,96) = -0.0001048834839
a(101,99) = -0.0001216963961
a(101,101) = 0.0003917832009
a(101,102) = -5.38264751e-05
a(101,103) = -9.511713154e-05
a(102,99) = -0.000123202091
a(102,101) = -5.38264751e-05
a(102,102) = 0.0007562722906
a(102,103) = -0.000176597023
a(102,105) = -3.573021547e-05
a(102,106) = -0.00018483992
a(102,107) = -7.790566531e-05
a(102,110) = -6.266967873e-05
a(103,101) = -9.511713154e-05
a(103,102) = -0.000176597023
a(103,103) = 0.0003889320229
a(103,110) = -0.0001080352283
a(104,99) = -1.002120668e-05
a(104,100) = -0.0001618402249
a(104,104) = 0.0004842534519
a(104,105) = -0.0002781146881
a(104,297) = -2.349027187e-05
a(105,99) = -6.051053782e-05
a(105,102) = -3.573021547e-05
a(105,104) = -0.0002781146881
a(105,105) = 0.0008664453656
a(105,106) = -0.0002432004975
a(105,296) = -6.638539362e-05
a(105,297) = -0.0001617433545
a(106,102) = -0.00018483992
a(106,105) = -0.0002432004975
a(106,106) = 0.0008419458411
a(106,107) = -5.240540936e-05
a(106,295) = -0.0001526974713
a(106,296) = -0.0001925319723
a(107,102) = -7.790566531e-05
a(107,106) = -5.240540936e-05
a(107,107) = 0.0007662718479
a(107,108) = -0.0001406963933
a(107,109) = -0.0001034983302
a(107,110) = -4.99707037e-05
a(107,116) = -1.54606676e-06
a(107,292) = -0.0001275137693
a(107,295) = -0.0001663718926
a(108,107) = -0.0001406963933
a(108,108) = 0.0004256493034
a(108,109) = -0.0001073100583
a(108,116) = -0.0001672028938
a(109,107) = -0.0001034983302
a(109,108) = -0.0001073100583
a(109,109) = 0.0003583187408
a(109,110) = -0.0001372344841
a(110,102) = -6.266967873e-05
a(110,103) = -0.0001080352283
a(110,107) = -4.99707037e-05
a(110,109) = -0.0001372344841
a(110,110) = 0.0003761967658
a(111,111) = 0.0003894527681
a(111,112) = -0.0001198618771
a(111,113) = -8.893573467e-05
a(111,114) = -4.18863495e-05
a(111,115) = -0.0001269581968
a(112,111) = -0.0001198618771
a(112,112) = 0.0008166465562
a(112,113) = -0.0001378291707
a(112,114) = -0.0001218640808
a(112,116) = -0.0001141048882
a(112,292) = -0.0002982160535
a(113,111) = -8.893573467e-05
a(113,112) = -0.0001378291707
a(113,113) = 0.00037210884
a(113,292) = -3.275167371e-05
a(113,293) = -0.0001029464382
a(114,111) = -4.18863495e-05
a(114,112) = -0.0001218640808
a(114,114) = 0.0007723040268
a(114,115) = -0.0001489968725
a(114,116) = -9.598226079e-07
a(114,117) = -0.0002415413971
a(114,118) = -0.0001190243389
a(114,120) = -6.357008374e-05
a(115,111) = -0.0001269581968
a(115,114) = -0.0001489968725
a(115,115) = 0.0004021577779
a(115,120) = -0.0001193627436
a(116,107) = -1.54606676e-06
a(116,108) = -0.0001672028938
a(116,112) = -0.0001141048882
a(116,114) = -9.598226079e-07
a(116,116) = 0.0004986744324
a(116,117) = -0.0001630823598
a(116,292) = -2.053780223e-05
a(117,114) = -0.0002415413971
a(117,116) = -0.0001630823598
a(117,117) = 0.0005444241532
a(117,118) = -5.163838774e-07
a(117,119) = -0.0001262978051
a(118,114) = -0.0001190243389
a(118,117) = -5.163838774e-07
a(118,118) = 0.0007507634436
a(118,119) = -0.0002002534228
a(118,120) = -7.447449018e-05
a(118,121) = -0.0001383511025
a(118,122) = -0.000141829803
a(118,125) = -1.053248249e-05
a(118,126) = -2.75258988e-05
a(119,117) = -0.0001262978051
a(119,118) = -0.0002002534228
a(119,119) = 0.0004443025498
a(119,125) = -0.0001090042526
a(120,114) = -6.357008374e-05
a(120,115) = -0.0001193627436
a(120,118) = -7.447449018e-05
a(120,120) = 0.0003900529128
a(120,121) = -0.0001201572542
a(121,118) = -0.0001383511025
a(121,120) = -0.0001201572542
a(121,121) = 0.0004081227619
a(121,126) = -0.0001426090032
a(122,85) = -6.923026555e-05
a(122,86) = -2.372711951e-05
a(122,118) = -0.000141829803
a(122,122) = 0.0007305282376
a(122,123) = -0.0001313115714
a(122,124) = -9.534758916e-05
a(122,125) = -0.0001324425917
a(122,126) = -0.0001012582309
a(123,86) = -0.0001646167125
a(123,122) = -0.0001313115714
a(123,123) = 0.0004228223726
a(123,126) = -0.0001196204986
a(124,85) = -0.0001169960102
a(124,122) = -9.534758916e-05
a(124,124) = 0.0003184402434
a(124,125) = -9.695142069e-05
a(125,118) = -1.053248249e-05
a(125,119) = -0.0001090042526
a(125,122) = -0.0001324425917
a(125,124) = -9.695142069e-05
a(125,125) = 0.0003638028154
a(126,118) = -2.75258988e-05
a(126,121) = -0.0001426090032
a(126,122) = -0.0001012582309
a(126,123) = -0.0001196204986
a(126,126) = 0.0004037641495
a(127,87) = -6.985651244e-05
a(127,88) = -0.0001697545451
a(127,127) = 0.0003694453271
a(127,128) = -3.005592984e-05
a(127,129) = -9.155880069e-05
a(128,88) = -4.44583218e-05
a(128,127) = -3.005592984e-05
a(128,128) = 0.0004080637151
a(128,129) = -0.0002216054628
a(128,130) = -6.966571674e-05
a(128,131) = -3.087974385e-05
a(129,127) = -9.155880069e-05
a(129,128) = -0.0002216054628
a(129,129) = 0.0003933719317
a(129,130) = -7.556782882e-05
a(130,128) = -6.966571674e-05
a(130,129) = -7.556782882e-05
a(130,130) = 0.0003572681591
a(130,131) = -0.0001365539307
a(130,132) = -6.728802916e-05
a(131,13) = -0.000151174394
a(131,128) = -3.087974385e-05
a(131,130) = -0.0001365539307
a(131,131) = 0.0005279026328
a(131,132) = -0.0001654895351
a(131,198) = -3.188863852e-05
a(132,130) = -6.728802916e-05
a(132,131) = -0.0001654895351
a(132,132) = 0.0003801614694
a(132,198) = -3.142571383e-05
a(132,199) = -0.0001070445795
a(133,133) = 0.000765871976
a(133,134) = -3.840661328e-05
a(133,135) = -0.0001612095603
a(133,136) = -6.542704969e-05
a(133,137) = -3.51512689e-05
a(133,138) = -0.0002240477598
a(133,283) = -0.0001155111642
a(133,284) = -4.858191631e-05
a(133,312) = -6.312345301e-05
a(134,133) = -3.840661328e-05
a(134,134) = 0.0004543529411
a(134,135) = -9.046659785e-05
a(134,266) = -0.0001359449307
a(134,283) = -0.0001839008829
a(135,133) = -0.0001612095603
a(135,134) = -9.046659785e-05
a(135,135) = 0.0003480720684
a(135,136) = -9.309722788e-05
a(136,133) = -6.542704969e-05
a(136,135) = -9.309722788e-05
a(136,136) = 0.0002511251822
a(136,137) = -8.954140862e-05
a(137,133) = -3.51512689e-05
a(137,136) = -8.954140862e-05
a(137,137) = 0.0003751574336
a(137,138) = -0.0002325213898
a(137,139) = -1.457361573e-05
a(138,133) = -0.0002240477598
a(138,137) = -0.0002325213898
a(138,138) = 0.0009018222788
a(138,139) = -9.434161685e-05
a(138,312) = -0.0003479656433
a(139,137) = -1.457361573e-05
a(139,138) = -9.434161685e-05
a(139,139) = 0.0004562419862
a(139,253) = -0.0001396623053
a(139,311) = -9.234816744e-05
a(139,312) = -0.0001124841407
a(140,10) = -0.0001104121955
a(140,12) = -3.21233674e-05
a(140,140) = 0.0008355358952
a(140,141) = -0.0002229286058
a(140,142) = -0.0002502765711
a(140,150) = -0.000200296089
a(141,12) = -7.340881813e-05
a(141,140) = -0.0002229286058
a(141,141) = 0.0004678318994
a(141,150) = -1.104978192e-05
a(141,151) = -0.0001461778875
a(142,9) = -6.069100568e-05
a(142,10) = -5.327169661e-05
a(142,140) = -0.0002502765711
a(142,142) = 0.0008692223361
a(142,143) = -0.0003189791708
a(142,150) = -0.0001395591725
a(142,299) = -7.729686568e-06
a(142,300) = -1.248496262e-05
a(143,9) = -6.472123258e-05
a(143,142) = -0.0003189791708
a(143,143) = 0.0008406205956
a(143,144) = -0.000114326019
a(143,196) = -0.0001135616512
a(143,300) = -0.0002130596727
a(144,6) = -0.000148477296
a(144,9) = -5.625112087e-05
a(144,143) = -0.000114326019
a(144,144) = 0.0004393712439
a(144,196) = -0.0001104390007
a(145,145) = 0.0004237658538
a(145,146) = -6.981334342e-06
a(145,147) = -0.0001534373266
a(145,148) = -7.955157777e-05
a(145,149) = -0.0001653155394
a(146,145) = -6.981334342e-06
a(146,146) = 0.0008711796369
a(146,147) = -0.0001213440149
a(146,148) = -0.0002196558522
a(146,189) = -6.044948228e-05
a(146,190) = -1.086315719e-05
a(146,191) = -0.0002943832862
a(146,192) = -0.0001220076354
a(147,145) = -0.0001534373266
a(147,146) = -0.0001213440149
a(147,147) = 0.0004062156497
a(147,192) = -0.0001216476228
a(148,145) = -7.955157777e-05
a(148,146) = -0.0002196558522
a(148,148) = 0.0008547994233
a(148,149) = -1.926904757e-05
a(148,150) = -0.0002554241004
a(148,191) = -5.376341255e-05
a(148,299) = -0.0001992813831
a(149,145) = -0.0001653155394
a(149,148) = -1.926904757e-05
a(149,149) = 0.0004239206916
a(149,150) = -2.63272121e-05
a(149,151) = -0.0001930975715
a(150,140) = -0.000200296089
a(150,141) = -1.104978192e-05
a(150,142) = -0.0001395591725
a(150,148) = -0.0002554241004
a(150,149) = -2.63272121e-05
a(150,150) = 0.0008450721059
a(150,151) = -6.811985765e-05
a(150,299) = -0.0001123904084
a(151,141) = -0.0001461778875
a(151,149) = -0.0001930975715
a(151,150) = -6.811985765e-05
a(151,151) = 0.0004192463653
a(152,152) = 0.0008429820203
a(152,153) = -1.419273194e-05
a(152,154) = -0.0001650869334
a(152,155) = -0.0002546225738
a(152,156) = -9.468087947e-05
a(152,189) = -0.000273047048
a(152,190) = -1.620962497e-05
a(153,68) = -9.453338724e-05
a(153,71) = -1.966899009e-05
a(153,152) = -1.419273194e-05
a(153,153) = 0.0003954923531
a(153,154) = -0.0001063109428
a(153,155) = -0.0001432238263
a(154,152) = -0.0001650869334
a(154,153) = -0.0001063109428
a(154,154) = 0.0004189064791
a(154,190) = -0.0001388770308
a(155,71) = -0.0001625519243
a(155,73) = -4.602955271e-05
a(155,152) = -0.0002546225738
a(155,153) = -0.0001432238263
a(155,155) = 0.0007796390642
a(155,156) = -1.991053404e-05
a(155,157) = -0.000127523665
a(156,152) = -9.468087947e-05
a(156,155) = -1.991053404e-05
a(156,156) = 0.0008398637727
a(156,157) = -0.0002962216439
a(156,158) = -8.542380978e-05
a(156,187) = -0.0002700947625
a(156,189) = -5.355567766e-05
a(157,73) = -0.0001287679383
a(157,75) = -7.018753408e-05
a(157,155) = -0.000127523665
a(157,156) = -0.0002962216439
a(157,157) = 0.0007898042212
a(157,158) = -2.772066439e-05
a(157,159) = -0.0001147049106
a(158,156) = -8.542380978e-05
a(158,157) = -2.772066439e-05
a(158,158) = 0.0004888320525
a(158,159) = -0.0001822441354
a(158,187) = -6.866141773e-06
a(158,188) = -0.0001749829441
a(159,75) = -2.183331989e-06
a(159,157) = -0.0001147049106
a(159,158) = -0.0001822441354
a(159,159) = 0.0005178451582
a(159,160) = -0.0002085715829
a(160,75) = -0.0001663554294
a(160,76) = -0.0001070976982
a(160,159) = -0.0002085715829
a(160,160) = 0.0004860016129
a(161,161) = 0.0004051329456
a(161,162) = -1.404140224e-06
a(161,163) = -0.0002456881908
a(161,164) = -8.048276467e-05
a(161,169) = -6.819922862e-05
a(162,1) = -7.370146993e-05
a(162,3) = -8.636764698e-05
a(162,161) = -1.404140224e-06
a(162,162) = 0.0007685670627
a(162,163) = -0.0001499016596
a(162,164) = -0.000195646265
a(162,165) = -0.0002231495083
a(162,166) = -1.758065597e-05
a(163,161) = -0.0002456881908
a(163,162) = -0.0001499016596
a(163,163) = 0.0008101275501
a(163,166) = -0.0002345291002
a(163,167) = -1.129968335e-05
a(163,168) = -0.0001429501017
a(163,169) = -8.196717445e-06
a(164,1) = -4.554048266e-05
a(164,161) = -8.048276467e-05
a(164,162) = -0.000195646265
a(164,164) = 0.0003280447504
a(165,3) = -3.832619769e-05
a(165,5) = -5.070043927e-05
a(165,162) = -0.0002231495083
a(165,165) = 0.0003868922887
a(165,166) = -6.631884179e-05
a(166,162) = -1.758065597e-05
a(166,163) = -0.0002345291002
a(166,165) = -6.631884179e-05
a(166,166) = 0.0003924799857
a(166,167) = -6.484398337e-05
a(167,163) = -1.129968335e-05
a(167,166) = -6.484398337e-05
a(167,167) = 0.0004012834376
a(167,168) = -0.000262149078
a(167,170) = -5.453739714e-05
a(168,163) = -0.0001429501017
a(168,167) = -0.000262149078
a(168,168) = 0.0008192358638
a(168,169) = -0.0002558690711
a(168,170) = -3.664911317e-05
a(168,171) = -0.0001080771641
a(169,161) = -6.819922862e-05
a(169,163) = -8.196717445e-06
a(169,168) = -0.0002558690711
a(169,169) = 0.0004478537196
a(169,171) = -5.119773134e-05
a(169,172) = -5.32540848e-05
a(170,167) = -5.453739714e-05
a(170,168) = -3.664911317e-05
a(170,170) = 0.0003618717681
a(170,171) = -0.0002074335013
a(170,176) = -5.495833522e-05
a(171,168) = -0.0001080771641
a(171,169) = -5.119773134e-05
a(171,170) = -0.0002074335013
a(171,171) = 0.0007599370395
a(171,172) = -0.0001706718117
a(171,174) = -0.0001774701007
a(171,176) = -2.97642234e-05
a(172,169) = -5.32540848e-05
a(172,171) = -0.0001706718117
a(172,172) = 0.0004332228519
a(172,173) = -7.08547139e-05
a(172,174) = -0.0001300220285
a(173,172) = -7.08547139e-05
a(173,173) = 0.0004298796429
a(173,174) = -4.005443307e-07
a(173,175) = -0.0001682848441
a(173,179) = -8.470988069e-05
a(173,183) = -9.193372088e-05
a(174,171) = -0.0001774701007
a(174,172) = -0.0001300220285
a(174,173) = -4.005443307e-07
a(174,174) = 0.0008155613318
a(174,175) = -0.0002638591972
a(174,176) = -0.0001973488589
a(174,177) = -3.096983148e-05
a(175,173) = -0.0001682848441
a(175,174) = -0.0002638591972
a(175,175) = 0.0008077736958
a(175,177) = -0.0001457495045
a(175,178) = -2.128592701e-05
a(175,179) = -0.000194178274
a(176,170) = -5.495833522e-05
a(176,171) = -2.97642234e-05
a(176,174) = -0.0001973488589
a(176,176) = 0.000356143796
a(176,177) = -6.649380277e-05
a(177,174) = -3.096983148e-05
a(177,175) = -0.0001457495045
a(177,176) = -6.649380277e-05
a(177,177) = 0.0003483623475
a(177,178) = -9.686098808e-05
a(178,175) = -2.128592701e-05
a(178,177) = -9.686098808e-05
a(178,178) = 0.0003507159244
a(178,179) = -0.000132121204
a(178,180) = -9.110479396e-05
a(179,173) = -8.470988069e-05
a(179,175) = -0.000194178274
a(179,178) = -0.000132121204
a(179,179) = 0.0007626782719
a(179,180) = -9.708522319e-05
a(179,181) = -0.000206165047
a(179,183) = -2.661164362e-05
a(180,178) = -9.110479396e-05
a(180,179) = -9.708522319e-05
a(180,180) = 0.0003553805814
a(180,181) = -3.404915078e-05
a(180,182) = -0.0001227858732
a(181,179) = -0.000206165047
a(181,180) = -3.404915078e-05
a(181,181) = 0.0007663879909
a(181,182) = -0.0001185460698
a(181,183) = -0.0001448132216
a(181,184) = -3.573587201e-05
a(181,185) = -0.0002039545853
a(182,180) = -0.0001227858732
a(182,181) = -0.0001185460698
a(182,182) = 0.0003711594681
a(182,184) = -0.0001227832511
a(183,94) = -9.765406088e-05
a(183,173) = -9.193372088e-05
a(183,179) = -2.661164362e-05
a(183,181) = -0.0001448132216
a(183,183) = 0.0004262454218
a(183,185) = -4.765613481e-05
a(184,181) = -3.573587201e-05
a(184,182) = -0.0001227832511
a(184,184) = 0.0003600685522
a(184,185) = -8.879368351e-05
a(184,186) = -0.0001017056965
a(185,92) = -0.0001805144722
a(185,94) = -7.107557162e-05
a(185,181) = -0.0002039545853
a(185,183) = -4.765613481e-05
a(185,184) = -8.879368351e-05
a(185,185) = 0.0007530705712
a(185,186) = -0.0001362661481
a(186,90) = -6.842783149e-05
a(186,92) = -2.700658135e-05
a(186,184) = -0.0001017056965
a(186,185) = -0.0001362661481
a(186,186) = 0.0003459719594
a(187,156) = -0.0002700947625
a(187,158) = -6.866141773e-06
a(187,187) = 0.000782298282
a(187,188) = -0.0001221801378
a(187,189) = -0.0001450346063
a(187,193) = -0.0001100068365
a(187,301) = -0.0001105890335
a(188,158) = -0.0001749829441
a(188,187) = -0.0001221801378
a(188,188) = 0.0004603139643
a(188,193) = -4.142746733e-05
a(188,195) = -0.000115046347
a(189,146) = -6.044948228e-05
a(189,152) = -0.000273047048
a(189,156) = -5.355567766e-05
a(189,187) = -0.0001450346063
a(189,189) = 0.0007897968129
a(189,190) = -8.008717754e-05
a(189,191) = -0.0001163425722
a(189,301) = -3.051181671e-05
a(190,146) = -1.086315719e-05
a(190,152) = -1.620962497e-05
a(190,154) = -0.0001388770308
a(190,189) = -8.008717754e-05
a(190,190) = 0.0004443153265
a(190,192) = -0.0001751951986
a(191,146) = -0.0002943832862
a(191,148) = -5.376341255e-05
a(191,189) = -0.0001163425722
a(191,191) = 0.000843888975
a(191,299) = -0.0001105757147
a(191,301) = -0.0002551344781
a(192,146) = -0.0001220076354
a(192,147) = -0.0001216476228
a(192,190) = -0.0001751951986
a(192,192) = 0.0004282142928
a(193,187) = -0.0001100068365
a(193,188) = -4.142746733e-05
a(193,193) = 0.0008069541908
a(193,194) = -7.478148179e-05
a(193,195) = -0.0002526701849
a(193,300) = -7.24801534e-05
a(193,301) = -0.0002417929369
a(194,193) = -7.478148179e-05
a(194,194) = 0.0004023750299
a(194,195) = -8.493243724e-05
a(194,196) = -0.0001048243985
a(194,300) = -0.0001312698297
a(195,188) = -0.000115046347
a(195,193) = -0.0002526701849
a(195,194) = -8.493243724e-05
a(195,195) = 0.0004553989424
a(196,143) = -0.0001135616512
a(196,144) = -0.0001104390007
a(196,194) = -0.0001048243985
a(196,196) = 0.0003997705202
a(196,300) = -6.344095109e-05
a(197,197) = 0.0003869934829
a(197,198) = -9.30794812e-05
a(197,199) = -9.734028933e-05
a(197,200) = -8.463307533e-05
a(197,202) = -0.0001012953684
a(198,11) = -2.138305468e-05
a(198,13) = -0.000188755719
a(198,131) = -3.188863852e-05
a(198,132) = -3.142571383e-05
a(198,197) = -9.30794812e-05
a(198,198) = 0.0007726605033
a(198,199) = -0.0001840192867
a(198,200) = -1.359060341e-05
a(198,201) = -0.0001796294046
a(199,132) = -0.0001070445795
a(199,197) = -9.734028933e-05
a(199,198) = -0.0001840192867
a(199,199) = 0.0003938714025
a(200,197) = -8.463307533e-05
a(200,198) = -1.359060341e-05
a(200,200) = 0.0007985885911
a(200,201) = -0.0001995316602
a(200,202) = -0.0001836733438
a(200,203) = -4.070742896e-05
a(200,204) = -0.0002274369638
a(200,205) = -2.056693545e-05
a(201,11) = -0.0002290652882
a(201,198) = -0.0001796294046
a(201,200) = -0.0001995316602
a(201,201) = 0.0008129770299
a(201,205) = -0.0001885798091
a(202,197) = -0.0001012953684
a(202,200) = -0.0001836733438
a(202,202) = 0.0003953432282
a(202,203) = -0.0001047967039
a(203,200) = -4.070742896e-05
a(203,202) = -0.0001047967039
a(203,203) = 0.0003941623763
a(203,204) = -0.0001017292782
a(203,212) = -0.0001362103774
a(204,200) = -0.0002274369638
a(204,203) = -0.0001017292782
a(204,204) = 0.0007421303848
a(204,205) = -4.883439487e-05
a(204,206) = -0.0001289345175
a(204,210) = -9.204134661e-05
a(204,211) = -6.275336971e-05
a(204,212) = -4.811727223e-05
a(205,7) = -0.0002629213824
a(205,8) = -7.696565944e-06
a(205,11) = -3.280306873e-06
a(205,200) = -2.056693545e-05
a(205,201) = -0.0001885798091
a(205,204) = -4.883439487e-05
a(205,205) = 0.0008600687843
a(205,206) = -0.0002824260655
a(205,207) = -1.302490246e-05
a(206,204) = -0.0001289345175
a(206,205) = -0.0002824260655
a(206,206) = 0.0008071860259
a(206,207) = -0.0001214564103
a(206,208) = -0.0001925605491
a(206,210) = -6.127724833e-05
a(207,8) = -0.000235527383
a(207,205) = -1.302490246e-05
a(207,206) = -0.0001214564103
a(207,207) = 0.0005770783975
a(207,208) = 1.409158929e-06
a(207,209) = -0.0001949245457
a(208,206) = -0.0001925605491
a(208,207) = 1.409158929e-06
a(208,208) = 0.0007614693346
a(208,209) = -0.0001465074694
a(208,210) = -0.0001425571811
a(208,214) = -0.0001463124156
a(208,216) = -0.000119034213
a(209,207) = -0.0001949245457
a(209,208) = -0.0001465074694
a(209,209) = 0.000481850706
a(209,214) = -4.107033775e-05
a(209,215) = -9.388059947e-05
a(210,204) = -9.204134661e-05
a(210,206) = -6.127724833e-05
a(210,208) = -0.0001425571811
a(210,210) = 0.0007466741466
a(210,211) = -0.0001847017545
a(210,216) = -9.238770083e-05
a(210,217) = -0.0001535898569
a(211,204) = -6.275336971e-05
a(211,210) = -0.0001847017545
a(211,211) = 0.0007546397859
a(211,212) = -0.0001138654425
a(211,213) = -0.0001439430375
a(211,217) = -5.975043732e-05
a(211,218) = -0.0001687329201
a(212,203) = -0.0001362103774
a(212,204) = -4.811727223e-05
a(212,211) = -0.0001138654425
a(212,212) = 0.0003987718739
a(212,213) = -8.81989231e-05
a(213,211) = -0.0001439430375
a(213,212) = -8.81989231e-05
a(213,213) = 0.0003648153329
a(213,218) = -4.511624419e-05
a(213,219) = -7.914325231e-05
a(214,208) = -0.0001463124156
a(214,209) = -4.107033775e-05
a(214,214) = 0.0007766751401
a(214,215) = -0.0002537682599
a(214,216) = -0.0001019838731
a(214,220) = -5.092259398e-05
a(214,302) = -0.0001726019525
a(215,209) = -9.388059947e-05
a(215,214) = -0.0002537682599
a(215,215) = 0.0004356643271
a(215,220) = -8.562305411e-05
a(216,208) = -0.000119034213
a(216,210) = -9.238770083e-05
a(216,214) = -0.0001019838731
a(216,216) = 0.0007059403784
a(216,217) = -0.0001340296914
a(216,302) = -0.0001190407498
a(216,303) = -0.0001279890394
a(217,210) = -0.0001535898569
a(217,211) = -5.975043732e-05
a(217,216) = -0.0001340296914
a(217,217) = 0.0007742069242
a(217,218) = -0.0002049125821
a(217,222) = -8.887312499e-06
a(217,231) = -3.870728557e-05
a(217,303) = -0.0001549313788
a(218,211) = -0.0001687329201
a(218,213) = -4.511624419e-05
a(218,217) = -0.0002049125821
a(218,218) = 0.0007869515407
a(218,219) = -0.000201687463
a(218,222) = -0.0001436245929
a(218,223) = -3.720655315e-06
a(219,213) = -7.914325231e-05
a(219,218) = -0.000201687463
a(219,219) = 0.0004072081941
a(219,223) = -0.0001207977524
a(220,214) = -5.092259398e-05
a(220,215) = -8.562305411e-05
a(220,220) = 0.0003609502277
a(220,302) = -5.624706591e-05
a(220,305) = -8.515304143e-05
a(220,309) = -7.707602684e-05
a(221,221) = 0.0003844206404
a(221,222) = -6.891265676e-05
a(221,223) = -0.0001066308039
a(221,224) = -7.506465554e-05
a(221,225) = -0.0001209005267
a(222,217) = -8.887312499e-06
a(222,218) = -0.0001436245929
a(222,221) = -6.891265676e-05
a(222,222) = 0.0007660568218
a(222,223) = -0.000159303188
a(222,224) = -0.0001467350319
a(222,231) = -0.0002116699157
a(223,218) = -3.720655315e-06
a(223,219) = -0.0001207977524
a(223,221) = -0.0001066308039
a(223,222) = -0.000159303188
a(223,223) = 0.0004011576066
a(224,221) = -7.506465554e-05
a(224,222) = -0.0001467350319
a(224,224) = 0.0007244925032
a(224,225) = -9.043529619e-05
a(224,226) = -0.0001209720704
a(224,228) = -0.0001061854545
a(224,229) = -0.0001473837101
a(224,231) = -4.204626902e-06
a(225,221) = -0.0001209005267
a(225,224) = -9.043529619e-05
a(225,225) = 0.0003785579977
a(225,226) = -5.485937223e-05
a(225,227) = -0.0001007603758
a(226,224) = -0.0001209720704
a(226,225) = -5.485937223e-05
a(226,226) = 0.0007430508601
a(226,227) = -0.0001784841831
a(226,228) = -0.0001917560106
a(226,235) = -0.000109673274
a(226,236) = -2.762640104e-05
a(226,243) = -3.56115602e-05
a(227,225) = -0.0001007603758
a(227,226) = -0.0001784841831
a(227,227) = 0.000383776559
a(227,243) = -9.879336014e-05
a(228,224) = -0.0001061854545
a(228,226) = -0.0001917560106
a(228,228) = 0.0007731811539
a(228,229) = -5.292578227e-05
a(228,230) = -0.0001941168291
a(228,236) = -0.0001881637836
a(228,238) = -1.905269215e-05
a(229,224) = -0.0001473837101
a(229,228) = -5.292578227e-05
a(229,229) = 0.0007374644463
a(229,230) = -8.259546562e-05
a(229,231) = -0.000138792021
a(229,304) = -6.578603104e-05
a(229,306) = -3.600467353e-05
a(229,310) = -0.000186288019
a(230,228) = -0.0001941168291
a(230,229) = -8.259546562e-05
a(230,230) = 0.0007996340336
a(230,238) = -0.0002297444177
a(230,240) = -0.0002057166875
a(230,310) = -7.416422109e-05
a(231,217) = -3.870728557e-05
a(231,222) = -0.0002116699157
a(231,224) = -4.204626902e-06
a(231,229) = -0.000138792021
a(231,231) = 0.0008545879159
a(231,303) = -0.0002872006919
a(231,304) = -0.0001516481122
a(232,232) = 0.0007239975599
a(232,233) = -2.391211198e-05
a(232,234) = -0.0001367159066
a(232,235) = -0.0001239419615
a(232,236) = -3.810092847e-05
a(232,237) = -0.0001123462311
a(232,245) = -0.0001730960135
a(232,248) = -9.579344926e-05
a(233,232) = -2.391211198e-05
a(233,233) = 0.0003666830379
a(233,234) = -0.000109413637
a(233,235) = -0.0001636244858
a(233,243) = -6.122948588e-05
a(234,232) = -0.0001367159066
a(234,233) = -0.000109413637
a(234,234) = 0.0003578865875
a(234,245) = -2.905135582e-05
a(234,246) = -7.512061251e-05
a(235,226) = -0.000109673274
a(235,232) = -0.0001239419615
a(235,233) = -0.0001636244858
a(235,235) = 0.0007553130545
